Start
Getting flats list
Getting set
[137977970, 140891725, 141933382, 141082632, 139844086, 140500245, 142063066, 142058227, 140673886, 142093723, 139350019, 140106251, 141932731, 141450097, 140599501, 142175241, 142482453, 141629950, 140167320, 34334622, 139878885, 139963183, 36299009, 142493294, 142371250, 138614622, 137378332, 142730794, 143169351, 142854143, 142713247, 142743523, 143277091, 143105541, 143107114, 143200667, 142974651]
[143146465, 143143002]
[138477180, 140928518]
[142603246, 142600840]
[141875972, 141875824]
[141379965, 141606895, 141609053]
[143108749, 143023532]
[141490713, 142328412, 142571199, 142772642]
[36331559, 36331549]
[140406838, 141188869]
[34947281, 34947276]
[142351685, 142799140]
[141931906, 142799919]
[142345760, 142805013]
[142491875, 142799126]
[141325480, 142801437]
[141923743, 142802617]
[142511858, 142799374]
[141500327, 142806959]
[142507642, 142822082]
[142105369, 142807478]
[141618281, 142998107]
[141571707, 142945692]
[141581130, 142804984]
[140764916, 142803539]
[142475907, 142801813]
[142504389, 142798991]
[141046944, 142804932]
[141366466, 142806937]
[142503067, 142805414]
[141615481, 142806552]
[140500396, 142808895]
[142375186, 142804921]
[142502747, 142801354]
[140764210, 142800356]
[140219711, 142814836]
[141065612, 142801473]
[142231292, 142807196]
[142184739, 142860529]
[140464913, 142805967]
[141491090, 142806299]
[142477445, 142805916]
[141082687, 142807152]
[140763274, 142808980]
[140470987, 142809048]
[141429416, 142804107]
[141808751, 142806973]
[141975084, 141973611]
[140897960, 143100050]
[143268486, 143268360]
[139380836, 139376923, 139384032]
[142467357, 142807022]
[140763659, 142813655]
[142484398, 142816759]
[140895718, 142979617]
[140327241, 142813242]
[140325491, 142813249]
[139736325, 142813264]
[141927493, 142805403]
[141028430, 142998779]
[143113114, 143112800]
[142090240, 142089977]
[139308712, 139309946]
[141438482, 141438673, 141438909]
[141805924, 142804848, 142805105, 142805304]
[142084506, 142085135]
[138987458, 138986800]
[141460315, 141461696, 141461250]
[141042534, 141043411]
[142060596, 142059620]
[140625758, 140624209]
[139123737, 139123139]
[142062690, 142063420]
[142088227, 142088782]
[140202170, 140201329]
[141070338, 143279623]
[35274207, 143279726]
[36289584, 143279550]
[143280119, 143176622]
[143279486, 143104897]
[142486642, 143280012]
[35823253, 143280045]
[25235434, 143280110]
[36124899, 143280156]
[137694635, 143279512]
[36226774, 36226744]
[142987142, 142986421]
[142291959, 142291473]
[142331748, 142332634]
[142090058, 142091551]
[143316260, 143315429]
[141321897, 141320820]
[142650422, 142650347, 142650315, 142649534]
[35919178, 143280083]
[141248861, 141247681]
[141198927, 141198727]
[137902908, 137904051]
[142806980, 142801779]
[141430515, 141934061]
[141939410, 141938897, 141434824, 141435030, 140915429]
[142209084, 142214184]
[141423688, 141423219]
[139851912, 139853940]
[141923776, 141927529]
[142238905, 141320306]
[138839066, 138841972]
[141804509, 141806335]
[142955039, 142954706]
[139790023, 139789660]
[138827468, 140522570]
[141490701, 141315406]
[142090026, 141073423]
[142348957, 142963927]
[141928032, 141929010]
[142327883, 142995683]
[140355459, 140363634]
[140000362, 140004661, 142814224]
[139295555, 140324144]
[141198695, 141198028, 138411927, 142075519, 141800173, 142341227, 141031892, 142475288, 142610291, 142685017, 142834494]
[142395089, 142394720, 142394448]
[142137410, 142137089, 142136968]
[139401561, 139402086]
[143284899, 143284059, 143283318, 143283125, 143283057]
[142823306, 142824219, 142824323, 142824450, 142824570, 142824723]
[140376403, 141249721]
[140465518, 140466244]
[142207575, 142321960]
[140195860, 140194760, 142604605, 142603473]
[141942610, 141941787]
[142359278, 142359794, 142360456]
[32486039, 32613419]
[35487491, 35487487]
[35422998, 35422993]
[33737829, 33737825, 33737821]
[29909194, 29909188]
[143296404, 143292256]
[137723547, 137722551]
[139621835, 139621849]
[140142512, 140144347]
[143309616, 143308243]
[140044959, 140046127]
[143125794, 143125251]
[141314456, 140502023]
[141349929, 141350218, 141345261]
[143305740, 143305142, 143302629]
[141362293, 141362321]
[140525637, 140526072]
[13933085, 13934309]
[142489242, 142487851]
[141439030, 141441348]
[142838245, 142835720]
[143291698, 143291349, 143287860]
[141317296, 141317021, 141317881]
[139869579, 142365091]
[142100820, 143123499]
[141930969, 141930456]
[140682590, 140679435]
[142858324, 142978408]
[142984052, 142985004]
[143190971, 143192125]
[143292233, 143105398]
[142985140, 142985026, 142983269]
[140764243, 143135873]
[142535954, 142500899, 142500330, 142499716, 142498871]
[139718416, 140761319, 140761308]
[142094663, 142093560]
[140066204, 143092626]
[141198932, 141198853, 141198342, 141198259, 141198148, 141197562]
[141238793, 141242713]
[139348922, 139467905]
[141971428, 141972404]
[142211041, 142212667, 142212962]
[34238704, 31970526]
[137140087, 137140973]
[141493985, 141200282]
[140513926, 142212136]
[140013536, 140012457]
[141940035, 141945361]
[36061624, 140490628]
[140323782, 140324758]
[35672423, 35320564]
[137776970, 143161940]
[140932902, 140934768]
[142848708, 142852316, 142860479, 142859187]
[141804871, 141806110, 142403566]
[143180668, 143189174, 143189833]
[141072627, 141067117]
[142366664, 35930383]
[138816151, 138577551]
[140762273, 142986579]
[138045386, 143009855]
[139079127, 139079018, 139078915]
[35296949, 35296733]
[142331576, 142475936]
[142344018, 142247052, 142341331]
[141207883, 141201865, 141206662]
[141230508, 141228666]
[136624102, 142842020]
[142822968, 142823019]
[140323819, 140324001]
[143103628, 143103932]
[140653117, 140652150]
[141351577, 141350372]
[142819619, 142817595]
[140521614, 140501976]
[143108515, 143107120, 143100901]
[140007474, 140007468]
[141929056, 142782145]
[142914839, 142915444]
[142346306, 142349128]
[142957984, 142957978]
[138751025, 143001650]
[141435011, 141447086]
[141443514, 141444654]
[142580980, 142580098]
[140010673, 141124742]
[142357447, 142356297, 142357846]
[140665616, 140665625]
[142722422, 142722427]
[142178267, 142178289]
[141823472, 141823488, 141823478]
[141064538, 141064555, 141064528]
[141311235, 141311223]
[141706651, 141706789, 141706540]
[139319529, 138971410]
[139857671, 143130633]
[137926951, 139305177]
[140888294, 142041491]
[141598367, 142049751]
[142184540, 142113289, 142114723]
[141969891, 141970072]
[35820948, 141198793]
[142867135, 142861878]
[142525820, 142708961]
[140527888, 142493770]
[141254483, 141250212]
[142787415, 143065841]
[141297995, 141297081]
[139144771, 36282234]
[141470211, 141470116, 141469967, 141469922, 141469514, 141468236]
[141296326, 142449137]
[140069728, 35001816]
[140639686, 140635393]
[142036005, 139732437]
[141741379, 142095501]
[140788348, 140788753, 140788823, 140788860, 140789065]
[33459618, 33459708, 33459912, 33460068, 33460140, 33459666, 33459492, 33459300, 33458994, 33458946, 142592425, 142592375, 142592363, 142592350, 142592339, 142592172, 142591503]
[140014383, 141014466, 140015486]
[35901988, 35901883, 35901788, 35901708, 35875198]
[143051340, 143051117, 143050986, 143050869, 143050522]
[142485519, 137968180, 142485191, 142484700, 142484592, 142484399, 142484099]
[35277316, 34714664]
[35168941, 140268975]
[137987981, 142193410]
[36226799, 36321274]
[143125956, 143154393]
[143099609, 143098651]
[139855601, 142030417]
[140243331, 143298614]
[139851123, 140891990]
[139141252, 142338087]
[142272854, 142985371]
[142885455, 142886400]
[142212338, 142202445]
[141780416, 141777605, 141780780]
[140914958, 140915432]
[140543060, 142488798]
[141823569, 141823466]
[137996659, 137996263]
[139651047, 139651034]
[139628133, 139627927, 139627800, 139619959]
[141928018, 142782972]
[142806817, 142805265]
[142328205, 142089885, 142083223]
[141587733, 141589120]
[143177359, 143173216]
[143142911, 143143655, 143144396, 143127226]
[139851165, 138600508]
[142141894, 142144284]
[34646617, 143010620]
[140911644, 143012112]
[36016779, 143011488]
[140911634, 143012111]
[140911601, 143012110]
[138810482, 143012521]
[138815405, 143012537]
[138830215, 143012557]
[139133211, 143012606]
[139334902, 143012623]
[139484302, 143012808]
[140029412, 143013377]
[140208543, 143013426]
[140390538, 143013455]
[140521284, 143013484]
[140521780, 143013494]
[140523096, 143013495]
[140523177, 143013496]
[140526022, 143013500]
[140917835, 143013526]
[141050586, 143013558]
[141614559, 143013901]
[142480032, 143014138]
[142490819, 142690068, 143014146]
[140337825, 140337514]
[25488784, 25494856]
[136799774, 136801574]
[36261209, 36261519]
[36122994, 36120904]
[35057936, 35058231]
[137560666, 137575581]
[139192308, 139191528]
[140510629, 140852480]
[140851185, 140768059]
[141308475, 141308492]
[138440831, 138439802]
[35459829, 35460063]
[141500614, 141500609]
[34300042, 34309187]
[136777053, 136750776]
[14343873, 16412628]
[16412632, 14343887]
[23900538, 23640822]
[30508265, 30508223]
[33813911, 33813966]
[35599219, 35599348]
[141388395, 141390452, 143123377]
[142835750, 143008430]
[142957540, 143290564]
[143306076, 143310679]
[140525191, 141033020]
[141015196, 142712255, 142712936]
[36122279, 36122409]
[139301344, 142059264]
[35410723, 35695076]
[142076542, 143130853]
[22175087, 22178927]
[138428726, 138428758]
[35821003, 35821108]
[140472651, 142040176]
[140173972, 138616621, 138616962]
[140184994, 140185455]
[141891792, 142761564]
[141299324, 142931196, 142930869]
[36371579, 36371709]
[140098230, 140097633]
[141739137, 141740426]
[142062778, 142076872]
[141933608, 141933680]
[142985015, 142986740]
[139581159, 139553898]
[139079232, 139079469]
[35721991, 35721951]
[142797869, 142793666]
[141577076, 141577220]
[142163766, 142163690]
[36320579, 36320199]
[143280513, 143284969]
[141200585, 30506351]
[141700730, 141699591]
[143084295, 143083686, 143081129]
[141333969, 140177911, 141334692, 141333327]
[142338575, 142335393]
[141199279, 141222472, 141431964]
[142096937, 142095509]
[141077106, 141078246]
[143259660, 143261268]
[138853361, 138851589]
[141805011, 143184489]
[36199604, 142969063, 142966483]
[140918779, 143293978]
[138333139, 140979532]
[139492612, 140329057]
[141049081, 139686387, 139322905]
[140248055, 141915651, 143055145]
[143222038, 143226060]
[142280470, 142890189]
[141785510, 141788723]
[139315696, 140502627]
[33729249, 143161987]
[140329140, 140327644]
[140029559, 139039260]
[142341376, 142340340, 142338611]
[140954676, 142989960]
[142903535, 142904204]
[143266975, 143273900]
[142475198, 142948975]
[140329552, 140329049]
[141195917, 143195014]
[138474308, 138471897]
[141797541, 141797172]
[142362253, 142358386]
[141862928, 139914586]
[142372175, 142368898]
[142977664, 142974368]
[138221364, 138219210]
[138577476, 141729362]
[142971338, 142974311, 142973357]
[142976099, 142974626]
[142840789, 142822297]
[141586515, 141592006, 141591771, 141591501, 141591436, 141587703, 141589114, 142487911, 142487898, 142487863, 142487845, 142487839, 141587597, 141591464, 141591509, 141591823, 141591941]
[139831498, 139831657]
[142349800, 142349074]
[139163580, 140910770]
[142943771, 142942643]
[141909639, 142168951]
[142021887, 142024869]
[139767916, 139768852]
[36063529, 143089158]
[34748086, 138830434]
[140006471, 140006951]
[140337596, 142976540, 142976150, 142974874]
[142977883, 142976971]
[141198139, 138076481, 141036851, 142340457, 140702102, 140702256, 142473234, 142351390, 141459259, 142522290, 35593033, 36215239, 36215279, 141582045, 142257717, 137772962, 142350801, 138969489, 142076432, 142520327, 137596879, 137597174, 142608031, 142589632, 142685982, 143305015, 142840699, 142852310, 143306494]
[142115453, 142958381]
[141438653, 139959521]
[36107729, 35084744]
[143228282, 143225404]
[143152439, 143152436, 143152433, 143152435, 143152430, 143152428, 143152427]
[36282324, 35088836]
[143041994, 143039805]
[141056850, 142506450, 142610251, 142582031, 143196440, 143169228, 142747959]
[141168944, 35650153, 143056855]
[141471149, 141471147]
[35818363, 35596957]
[140030689, 142778484]
[142500389, 142498474]
[142937468, 143085654]
[35372858, 138686097]
[143162926, 143164024]
[141972444, 141970719]
[142197778, 142195050]
[141480240, 142359077]
[141718899, 141718838]
[143122472, 143121642]
[140337340, 140174007]
[141499409, 141498949, 141497181]
[141433201, 141434417]
[142332602, 142335355, 142530007]
[143003344, 143127943]
[137582075, 141030023]
[141596577, 141669840]
[141779334, 141599053, 141600906, 140887446, 142212081, 140924641, 142214316, 142588815, 142581040, 142587304, 142693468, 142851969, 142949276, 142681717, 142948063, 142683016]
[137469634, 137469518]
[36400449, 34529057]
[139540886, 139540022]
[139630729, 139634759]
[141440455, 141201682]
[141941285, 141940501, 141940440, 141940037, 143168085, 143167316, 143165345, 143166133]
[142194117, 141950397, 142097224, 142184661, 142183938, 142182597, 142181873, 142178274, 142175894, 142099763]
[142195758, 142191167, 142189556]
[141344508, 141343932]
[141068674, 141068773, 141077076, 141077588, 141078451]
[141924470, 142357448, 142357615, 142357822, 140376041, 142357998, 142358376, 142358408, 142358454, 142391713, 142391660, 142391234, 141476443]
[140940111, 140940605]
[142628093, 142674574]
[141092464, 142183615]
[141317038, 141318794]
[139324056, 139990771, 139326736]
[141480723, 141480197]
[142102303, 142105619]
[141929558, 141929091]
[143311451, 143182092, 143177509]
[142100462, 142116589]
[140761838, 143261361]
[140090580, 140089365]
[141191581, 141195767]
[141934149, 142052649]
[141326206, 141328148]
[138575265, 138574864]
[141365004, 141369536]
[140938141, 34362637]
[143289321, 143288988]
[140468608, 140469707, 140471454, 140470641, 140469473, 140470766]
[141036165, 141034422, 141035438, 141031808, 141034550, 141035095, 141035316, 141035657]
[142967876, 142963556]
[142055296, 142052431]
[142485480, 142484596, 142483061]
[143106011, 142829328]
[142949224, 142948799]
[140914626, 140915472]
[142043799, 142044505]
[142950552, 142950451, 142949827]
[143000804, 143000714, 143000194, 142999402]
[141944944, 141943292]
[143285020, 142824677]
[142196373, 142196531, 142196709, 142082714, 142082227, 142081494]
[141463864, 141463824, 141463746, 141463658, 141463287, 141462313]
[140521370, 142197185, 142196945]
[141923738, 142050865, 142224233]
[143003383, 143002722]
[139889013, 139889197]
[142333662, 142332288, 142051706, 142055161]
[143001162, 143000786, 142999379]
[138992257, 138993785, 138994842, 141198878]
[142262279, 142262762]
[141199523, 141199537, 141199852, 141199709, 141199995, 141199982, 141200081, 141200068]
[141478647, 141478109, 141476793, 141474297]
[141462885, 141468112]
[143027018, 143027032]
[143031491, 143031489, 143030121, 143029976]
[143299353, 143034830, 143034528, 143032476, 143032473]
[142394335, 142393793, 141825208]
[141040919, 141040982, 141041378, 141043420, 141043939, 140904622, 140902808, 140899414, 140897683, 140897396, 142201594, 142201450, 142200890, 142199966, 141041993, 141040087, 142201830]
[140763407, 140681742]
[142340382, 142340270, 142340195, 142339833, 142339740, 142339049, 142218236, 142799131]
[141572716, 141813120]
[142342365, 142342755, 142342084, 142329886]
[141180495, 141180146]
[140650263, 140650196, 140649840, 140649684, 140648509]
[142991847, 142819219, 142949026, 142948961, 142948786, 142948014, 142947777, 142947658, 142947315, 142820199]
[142183992, 142183551, 141196870, 141196938, 141196490, 142045173, 141196540, 141196585, 141196661, 142043797, 142044183, 142044548, 142044858, 142045262]
[140882544, 140885291, 142328520, 142328389, 142326945, 142326654, 142325532, 142325465, 142213365, 142212973, 142212778, 142210480]
[140874599, 140880304, 140885092, 140882170, 140883183]
[142044573, 142047333]
[141191198, 141193202, 141193502, 141194153]
[142393574, 142393938]
[140488198, 140480088, 143105075, 142995922]
[139622347, 139623918]
[140910233, 140909105]
[36068604, 142840916]
[141200169, 141199384]
[142205141, 142204899, 142204685, 142204517, 142204233, 142203131]
[142009438, 142548911]
[142575027, 143104049]
[142957059, 143146690]
[36038814, 36038569]
[140761463, 140761489, 142178184]
[142216727, 142370708]
[141832953, 141853799]
[141189584, 141100590]
[141954316, 141963249]
[140051792, 139949496]
[140197673, 140357835, 140357884]
[140159303, 140157533, 140159119]
[141891169, 142760742]
[136709854, 138048251]
[141904978, 142357915, 142588775, 143113848]
[143281734, 143274588]
[35020306, 35020301]
[139322847, 139322971, 143286266, 143285225]
[141290271, 141908660]
[141195681, 141063840]
[142831022, 142830225]
[140141004, 143277712]
[140472975, 142380256]
[141183506, 142044349]
[35978384, 36329959]
[142838054, 142857493]
[142417751, 142417728, 142417247]
[140079035, 141513215]
[141314477, 141280063]
[142195031, 142572693]
[141439501, 142166559, 142573534]
[143157936, 143162996]
[140325012, 140324930]
[139850749, 141359062]
[141354739, 143102766]
[138147830, 138148760]
[142136005, 142135397, 142132751]
[137881135, 141360065, 142503212, 143295602]
[142248392, 142483728]
[141815414, 142199125]
[138885686, 141901415]
[141041489, 141043417]
[143197471, 143199823]
[142392418, 142391967]
[143146425, 143143022]
[140325995, 143313911]
[142337427, 142335336]
[139522668, 143151592]
[140674467, 142167322, 142573656, 143104903]
[141086568, 141327378]
[142375523, 142377736]
[137472350, 143150283]
[142964348, 143137844]
[143124840, 143123508]
[142822944, 142823941]
[140650262, 143159774]
[142334361, 143125829]
[140323915, 140320298]
[140903027, 140893749]
[143190460, 143189742]
[142048628, 140914196]
[142271865, 142313612]
[140522667, 140521401]
[143011449, 143010295, 143008382, 143006158]
[143036945, 143037685]
[141915463, 142276450]
[142476045, 142474737]
[141197746, 141197220]
[140466875, 140465738, 140464897, 140764008]
[142410244, 142795135]
[142209034, 142055177]
[142990482, 142989104]
[36244619, 138263849]
[142838580, 142840313]
[138596566, 138597053]
[137467180, 141221667]
[141310890, 141333425]
[141105921, 140900705]
[142242024, 142463982]
[140367908, 142340287, 142340441]
[142499026, 142488807]
[141447346, 141199833]
[142501341, 142501688]
[140941157, 140946418]
[142998538, 142997061]
[141366424, 141368305, 141305172, 141306582, 142493719]
[140904016, 142859022]
[141921620, 141920538]
[142835014, 142836477]
[141200640, 141441534]
[141024749, 141026888, 141028034]
[140937070, 137710387]
[140458942, 140137932]
[138045450, 138044492]
[140496275, 140492103]
[141445919, 142213527, 142912898]
[141957874, 141959739]
[141448150, 141449701]
[140325845, 142615676]
[143037232, 143038309]
[142809607, 142950478]
[140329179, 143110122, 142974283, 142973366]
[142047025, 36002844]
[143225624, 143224320]
[142058464, 142997054, 142996391]
[142227661, 142216346]
[141777415, 141384469]
[143285723, 142801976]
[139887310, 139885514, 139885779]
[141037623, 141035420]
[143130737, 143127962]
[141313004, 139760118]
[142480025, 142571582, 142571925, 142572896]
[142468990, 142470006, 142469522]
[138063296, 141471772]
[139847230, 138883608]
[141019599, 141900613, 142509151]
[142330296, 142023139]
[143102928, 143101719]
[143038482, 143038674, 143038973, 143038756, 143039778, 143039774]
[143294748, 143302271, 143301546, 143301065, 143300477]
[143309330, 143308242]
[142103015, 142102683, 142104962, 142105610]
[141261755, 141299252, 141262781]
[141597845, 141598371, 142452839, 142452278]
[141600907, 141598713]
[141927851, 141927479]
[142204329, 140906077]
[141077448, 141078525]
[140947799, 141045314]
[143096006, 143094212]
[141787646, 141793396, 141788571]
[142358765, 142357928]
[142393540, 142265050]
[141318526, 141318875]
[139977330, 140094700]
[141330997, 140174183]
[141082001, 141185870]
[140887985, 141936457]
[141222526, 141222030]
[141234518, 141694191, 141693474]
[142124488, 142814283]
[140624232, 141284347, 142345696, 142801724]
[35652841, 137477203]
[142110324, 142105202]
[141805836, 142589814, 143126100]
[140651534, 139837972]
[139970569, 139968974]
[141321655, 141321650, 141321647, 141321643, 141321638, 141321634, 141321629]
[140012372, 140012368, 140012359, 140012356, 140012355, 140012352, 140135542, 140135546, 140135544, 142238690, 140135541]
[143215202, 142987628]
[142733895, 142733894, 142733893, 142733892, 142733891, 142733890]
[35154799, 34972974]
[138621416, 138237045]
[35917788, 35917423]
[143107258, 143106306]
[141296733, 141297714]
[142982458, 143002968]
[140134429, 142034325]
[141951849, 141952805]
[138051446, 136926791]
[142353673, 142351614]
[36143204, 139202764]
[141937207, 141938073]
[141131654, 141130367]
[141616152, 142201743, 142393978]
[142221012, 142393244]
[142216503, 142392384]
[141614908, 142200523, 142396760]
[141612626, 142202515]
[140480233, 142956169]
[141325752, 141324968]
[141190737, 142072815]
[142037615, 142041550]
[141230635, 141318528, 141230619, 141318451, 141318496, 141318230, 141318084]
[140327707, 140327555]
[140526387, 140526552]
[140324230, 140324283]
[141198741, 141364983]
[141236777, 141235159]
[143153151, 143152389]
[142938303, 142938277, 142938177]
[140306811, 35887348]
[137708818, 137709044, 137708143]
[137453645, 137453708]
[141449293, 141449617, 141449794]
[141038292, 141038830]
[142815792, 142813764]
[142173566, 142173544, 142172732]
[142197953, 142193650]
Garbage count 1154
